((("track" .
   [1 0 0 0 0])
  ("keep" .
   [1 0 0 0])
  ("tickets" .
   [1 0 0 0 0 0 0])
  ("cut" .
   [1 0 0])
  ("a" .
   [1])
  ("fully" .
   [1 0 0 0 0])
  ("patches" .
   [1 0 0 0 0 0 0])
  ("apply" .
   [1 0 0 0 0])
  ("AWS." .
   [2 0 0 0])
  ("that" .
   [3 0 0 0])
  ("same" .
   [1 0 0 0])
  ("technology" .
   [1 0 0 0 0 0 0 0 0 0])
  ("on" .
   [2 0])
  ("run" .
   [1 0 0])
  ("up" .
   [1 0])
  ("been" .
   [1 0 0 0])
  ("has" .
   [1 0 0])
  ("by" .
   [2 0])
  ("enterprise" .
   [1 0 0 0 0 0 0 0 0 0])
  ("managed" .
   [2 0 0 0 0 0 0])
  ("standalone" .
   [1 0 0 0 0 0 0 0 0 0])
  ("s" .
   [1])
  ("have" .
   [3 0 0 0])
  ("we" .
   [1 0])
  ("of" .
   [3 0])
  ("are" .
   [2 0 0])
  ("service" .
   [2 0 0 0 0 0 0])
  ("year." .
   [1 0 0 0 0])
  ("solutions" .
   [1 0 0 0 0 0 0 0 0])
  ("existing" .
   [1 0 0 0 0 0 0 0])
  ("through" .
   [1 0 0 0 0 0 0])
  ("mail" .
   [2 0 0 0])
  ("email" .
   [3 0 0 0 0])
  ("spam" .
   [1 0 0 0])
  ("users" .
   [1 0 0 0 0])
  ("from" .
   [4 0 0 0])
  ("protect" .
   [1 0 0 0 0 0 0])
  ("customers" .
   [3 0 0 0 0 0 0 0 0])
  ("help" .
   [1 0 0 0])
  ("such" .
   [1 0 0 0])
  ("supports" .
   [1 0 0 0 0 0 0 0])
  ("t" .
   [2])
  ("This" .
   [1 0 0 0])
  ("data" .
   [1 0 0 0])
  ("to" .
   [9 0])
  ("SES" .
   [1 0 0])
  ("Amazon" .
   [5 0 0 0 0 0])
  ("no" .
   [3 0])
  ("charges" .
   [1 0 0 0 0 0 0])
  ("other" .
   [1 0 0 0 0])
  ("any" .
   [1 0 0])
  ("mailbox" .
   [3 0 0 0 0 0 0])
  ("is" .
   [5 0])
  ("shared" .
   [1 0 0 0 0 0])
  ("No" .
   [1 0])
  ("not" .
   [1 0 0])
  ("currently" .
   [2 0 0 0 0 0 0 0 0])
  ("item" .
   [2 0 0 0])
  ("Roadmap" .
   [1 0 0 0 0 0 0])
  ("Correct." .
   [1 0 0 0 0 0 0 0])
  ("for" .
   [4 0 0])
  ("on-prem" .
   [1 0 0 0 0 0 0])
  ("available" .
   [1 0 0 0 0 0 0 0 0])
  ("be" .
   [2 0])
  ("will" .
   [1 0 0 0])
  ("and" .
   [10 0 0])
  ("this" .
   [3 0 0 0])
  ("exchange" .
   [1 0 0 0 0 0 0 0])
  ("the" .
   [6 0 0])
  ("services" .
   [3 0 0 0 0 0 0 0])
  ("with" .
   [4 0 0 0])
  ("case" .
   [1 0 0 0])
  ("use" .
   [1 0 0])
  ("hybrid" .
   [1 0 0 0 0 0])
  ("support" .
   [2 0 0 0 0 0 0])
  ("WorkMail" .
   [8 0 0 0 0 0 0 0])
  ("org-log-done" .
   [0 0 0 0 0 0 0 0 1 0 0 0])
  ("setq" .
   [3 0 0 0])
  ("org-agenda" .
   [1 0 0 0 0 0 0 0 0 0])
  ("org-store-link" .
   [1 0 0 0 0 0 0 0 0 0 0 0 0 0])
  ("global-map" .
   [0 0 0 0 0 0 2 0 0 0])
  ("define-key" .
   [2 0 0 0 0 0 0 0 0 0])
  ("org" .
   [1 0 0])
  ("require" .
   [1 0 0 0 0 0 0])
  ("server-start" .
   [0 0 0 0 0 0 0 1 0 0 0 0])
  ("message" .
   [2 0 0 0 0 0 0])
  ("PATH:" .
   [1 0 0 0 0])))
